"text","Title:Wessex Logger: ID - AF080"
"text","Site:0"
"text","Logger:0"
"ch",1,"flow","l/s"
"time",12/01/26,00:00,15,"min",865
   65.746
   65.319
   64.440
   65.279
   65.944
   66.103
   65.031
   65.405
   65.418
   65.361
   58.014
   59.415
   59.155
   59.114
   58.212
   59.103
   59.197
   58.750
   59.026
   58.167
   58.628
   58.179
   65.854
   65.833
   67.521
   66.727
   66.673
   68.552
   59.074
   61.325
   63.647
   62.163
   61.356
   62.236
   61.617
   61.859
   67.792
   68.503
   68.523
   68.569
   68.051
   67.434
   67.572
   67.229
   67.564
   67.286
   67.074
   67.088
   66.907
   66.318
   67.564
   67.304
   66.978
   67.339
   65.294
   66.694
   65.445
   65.009
   66.933
   66.357
   66.944
   66.884
   59.158
   -0.072
   -0.075
   -0.078
   -0.079
   -0.079
   -0.074
   -0.076
   -0.082
   -0.080
   -0.077
   -0.073
   67.472
   67.565
   67.460
   68.116
   68.500
   68.592
   67.424
   67.835
   67.748
   67.715
   67.353
   67.029
   66.056
   65.340
   65.968
   66.018
   65.793
   65.648
   66.267
   66.519
   64.982
   65.002
   65.598
   65.025
   65.963
   59.288
   58.650
   59.340
   58.969
   59.028
   59.040
   58.912
   58.862
   58.953
   58.550
   59.064
   58.961
   59.396
   59.060
   59.044
   59.240
   65.882
   65.723
   66.571
   65.717
   66.318
   66.620
   67.516
   67.770
   67.269
   62.952
   61.566
   61.900
   60.892
   62.278
   61.510
   61.133
   68.325
   67.838
   67.856
   68.710
   67.928
   67.815
   66.947
   66.918
   67.362
   67.967
   66.656
   66.604
   66.863
   66.704
   66.728
   66.488
   67.194
   -0.076
   -0.082
   -0.082
   -0.072
   -0.072
   -0.081
   -0.081
   -0.078
   -0.073
   -0.075
   -0.076
   -0.080
   -0.077
   -0.073
   -0.079
   -0.081
   -0.079
   -0.074
   -0.076
   66.981
   66.468
   66.806
   67.963
   67.696
   66.776
   66.263
   68.726
   67.559
   67.843
   67.586
   67.453
   67.857
   67.438
   66.377
   67.196
   65.374
   66.396
   66.459
   65.782
   66.336
   65.973
   66.104
   66.021
   64.676
   65.913
   64.837
   65.078
   65.574
   65.598
   64.479
   64.844
   65.457
   58.594
   58.524
   58.823
   58.805
   58.895
   58.898
   59.383
   59.087
   58.714
   59.072
   59.324
   65.754
   59.096
   59.292
   59.506
   59.314
   59.707
   59.988
   60.194
   67.964
   67.714
   68.308
   60.884
   62.552
   61.899
   61.879
   61.336
   61.167
   68.011
   67.704
   67.903
   68.429
   66.778
   66.676
   67.863
   66.954
   68.239
   67.411
   67.018
   67.290
   66.461
   67.177
   67.141
   67.329
   67.460
   66.992
   65.584
   -0.075
   -0.075
   -0.071
   -0.073
   -0.077
   -0.078
   -0.073
   -0.072
   -0.075
   -0.079
   -0.079
   -0.072
   -0.073
   -0.079
   -0.079
   -0.076
   67.630
   65.869
   66.761
   67.894
   67.080
   67.057
   67.683
   67.647
   66.740
   66.957
   67.759
   67.944
   67.687
   67.032
   66.509
   66.869
   66.737
   68.140
   67.349
   67.541
   65.226
   66.084
   66.636
   66.551
   65.834
   66.402
   65.374
   65.151
   65.330
   65.234
   65.855
   65.621
   65.840
   65.408
   65.430
   65.234
   66.000
   65.835
   66.058
   65.999
   66.030
   59.020
   59.361
   59.586
   59.613
   59.124
   59.691
   59.636
   59.574
   59.976
   59.964
   68.115
   67.655
   68.249
   61.918
   62.116
   59.421
   60.715
   60.798
   62.518
   64.015
   67.770
   68.371
   67.600
   67.921
   68.515
   67.232
   66.466
   67.166
   67.488
   68.598
   66.781
   67.786
   67.096
   67.265
   66.238
   67.260
   66.380
   66.560
   65.413
   -0.073
   -0.076
   -0.078
   -0.074
   -0.068
   -0.073
   -0.078
   -0.078
   -0.072
   -0.075
   -0.076
   -0.080
   -0.078
   -0.073
   -0.076
   -0.080
   -0.080
   66.882
   66.961
   -0.115
   -0.117
   -0.120
   -0.117
   -0.117
   -0.118
   67.479
   67.412
   67.309
   66.830
   67.891
   66.098
   66.823
   66.204
   66.852
   66.618
   66.157
   66.065
   65.854
   65.558
   65.840
   64.930
   65.339
   65.470
   65.084
   65.390
   66.001
   65.522
   64.805
   65.550
   65.660
   65.625
   65.350
   59.262
   58.320
   58.547
   58.235
   59.311
   58.991
   58.384
   59.013
   58.545
   59.243
   58.327
   59.032
   58.669
   59.669
   60.443
   60.784
   60.279
   60.614
   61.483
   61.739
   62.078
   62.456
   61.065
   61.646
   67.878
   67.155
   69.002
   66.581
   67.535
   66.874
   67.850
   66.801
   67.642
   67.211
   68.280
   66.591
   67.669
   66.874
   67.022
   66.923
   66.845
   67.464
   67.824
   65.830
   66.090
   65.662
   66.472
   66.414
   65.712
   66.466
   66.361
   66.487
   66.474
   -0.073
   -0.073
   -0.078
   -0.082
   -0.077
   -0.074
   -0.073
   66.809
   66.132
   66.455
   66.644
   66.485
   66.446
   65.130
   67.505
   67.222
   66.723
   66.930
   66.683
   66.267
   66.720
   66.714
   66.143
   58.688
   62.986
   66.542
   66.132
   65.475
   66.365
   65.743
   65.885
   64.838
   65.198
   65.268
   65.504
   66.162
   65.779
   66.170
   65.509
   65.477
   58.489
   58.087
   58.946
   59.212
   58.610
   58.775
   59.126
   59.249
   59.184
   59.246
   58.918
   58.998
   59.487
   65.448
   66.174
   58.626
   59.404
   58.764
   59.353
   55.033
   53.776
   52.943
   54.305
   -0.081
   -0.077
   -0.074
   -0.075
   -0.079
   -0.080
   -0.075
   52.268
   68.248
   69.954
   67.187
   66.614
   66.848
   70.095
   67.060
   67.672
   67.288
   68.879
   66.971
   68.464
   67.016
   66.518
   64.842
   65.673
   65.070
   65.888
   64.935
   65.443
   64.953
   65.559
   65.317
   65.151
   64.661
   -0.122
   -0.132
   -0.133
   -0.134
   -0.131
   68.659
   67.137
   67.374
   67.738
   66.889
   67.385
   66.456
   66.755
   67.024
   65.976
   65.560
   64.954
   65.709
   65.595
   65.589
   65.410
   64.407
   64.659
   64.879
   64.905
   65.333
   64.436
   64.386
   65.512
   65.145
   64.538
   64.180
   64.697
   64.724
   63.418
   64.259
   64.363
   64.559
   64.147
   65.148
   64.168
   64.166
   63.690
   64.758
   64.870
   64.847
   63.041
   64.303
   63.746
   64.836
   64.143
   65.357
   64.328
   58.491
   58.434
   58.590
   58.328
   58.131
   58.448
   54.024
   53.006
   52.454
   53.003
   58.320
   60.179
   59.766
   59.796
   60.757
   66.700
   67.978
   67.748
   68.212
   67.177
   68.262
   67.004
   67.764
   67.175
   67.851
   68.123
   66.326
   66.767
   66.958
   66.671
   67.117
   66.635
   65.958
   64.637
   65.384
   65.271
   66.118
   65.381
   -0.098
   -0.127
   -0.134
   -0.131
   -0.135
   -0.137
   -0.132
   -0.131
   -0.131
   -0.131
   -0.130
   67.168
   68.628
   67.583
   67.333
   68.837
   68.301
   67.316
   67.784
   66.590
   65.369
   65.099
   65.933
   64.890
   65.286
   64.047
   65.009
   65.079
   65.018
   64.759
   66.177
   64.608
   65.200
   63.608
   64.674
   64.183
   63.883
   64.647
   65.596
   64.324
   63.809
   64.110
   63.791
   64.729
   64.584
   63.802
   64.264
   64.246
   63.893
   64.458
   64.741
   64.345
   64.412
   63.993
   57.992
   57.764
   58.373
   57.389
   58.957
   57.306
   58.291
   58.545
   59.488
   58.755
   60.022
   59.744
   60.657
   60.316
   60.212
   60.763
   60.389
   61.916
   60.748
   67.088
   67.388
   68.403
   66.329
   66.332
   65.229
   65.806
   66.802
   66.288
   68.461
   65.737
   65.748
   65.133
   65.950
   65.537
   65.986
   65.361
   65.462
   63.501
   64.431
   64.906
   65.571
   -0.128
   -0.131
   -0.132
   -0.128
   -0.132
   -0.134
   -0.132
   -0.128
   -0.130
   -0.132
   -0.133
   -0.131
   -0.128
   -0.128
   68.590
   68.056
   67.652
   68.652
   68.207
   68.020
   66.328
   65.912
   65.605
   66.769
   65.174
   65.963
   65.254
   65.345
   63.762
   64.983
   65.452
   65.254
   64.532
   63.724
   65.568
   64.064
   64.225
   64.045
   64.719
   64.427
   64.622
   64.866
   64.339
   62.833
   64.123
   64.031
   57.772
   57.654
   57.872
   57.426
   57.092
   57.576
   58.007
   57.924
   57.562
   57.872
   58.032
   58.379
   57.840
   58.486
   65.566
   64.144
   64.781
   66.026
   65.831
   66.428
   62.020
   59.186
   59.699
   59.779
   60.832
   59.011
   60.749
   66.090
   66.544
   67.268
   66.525
   65.802
   60.061
   59.894
   59.604
   59.301
   58.829
   58.851
   59.210
   67.310
   66.134
   65.209
   66.285
   65.550
   64.531
   -0.126
   -0.132
   -0.133
   -0.132
   -0.133
   -0.132
   -0.131
   -0.130
   -0.130
   -0.128
   -0.128
   -0.126
   -0.131
   -0.131
   -0.131
   -0.130
   -0.131
   -0.127
   -0.127
   68.006
   67.890
   67.336
   67.312
   67.687
   67.953
   66.844
   66.528
   66.243
   66.512
   66.490
   65.984
   66.035
   65.061
   64.575
   64.841
   64.775
   65.358
   64.392
   64.366
   64.311
   64.419
   63.692
   64.194
   64.133
