"text","Title:Wessex Logger: ID - AL014"
"text","Site:0"
"text","Logger:0"
"ch",1,"pressure","m"
"time",12/01/26,00:00,15,"min",865
2.67
2.68
2.67
2.71
2.74
2.76
2.78
2.80
2.82
2.84
2.86
2.88
2.90
2.92
2.94
2.96
2.98
3.00
3.02
3.04
3.03
3.02
3.01
3.00
2.99
2.94
2.94
2.94
2.89
2.89
2.84
2.84
2.79
2.78
2.73
2.70
2.68
2.64
2.61
2.59
2.55
2.54
2.50
2.48
2.45
2.41
2.41
2.38
2.40
2.39
2.41
2.40
2.42
2.42
2.43
2.43
2.44
2.44
2.46
2.45
2.48
2.47
2.49
2.48
2.50
2.49
2.51
2.50
2.52
2.51
2.53
2.52
2.53
2.53
2.53
2.54
2.53
2.55
2.54
2.56
2.55
2.58
2.57
2.60
2.58
2.61
2.60
2.63
2.61
2.64
2.63
2.66
2.68
2.67
2.70
2.72
2.73
2.75
2.76
2.78
2.78
2.81
2.84
2.86
2.88
2.90
2.92
2.94
2.96
2.98
3.00
3.02
3.02
3.01
3.00
2.99
2.98
2.97
2.96
2.95
2.93
2.89
2.89
2.88
2.85
2.84
2.79
2.79
2.74
2.72
2.69
2.64
2.64
2.59
2.58
2.55
2.52
2.50
2.46
2.46
2.41
2.41
2.38
2.40
2.39
2.42
2.41
2.42
2.42
2.44
2.43
2.45
2.43
2.46
2.45
2.47
2.47
2.49
2.49
2.50
2.52
2.51
2.52
2.52
2.53
2.53
2.53
2.55
2.54
2.56
2.54
2.57
2.55
2.58
2.56
2.58
2.58
2.58
2.59
2.61
2.60
2.62
2.62
2.64
2.63
2.66
2.65
2.68
2.67
2.69
2.72
2.70
2.74
2.76
2.79
2.80
2.82
2.84
2.86
2.88
2.90
2.91
2.93
2.95
2.97
2.99
3.01
3.03
3.03
3.02
3.01
3.01
3.00
2.99
2.98
2.97
2.96
2.93
2.91
2.91
2.86
2.86
2.82
2.81
2.77
2.76
2.70
2.69
2.66
2.62
2.61
2.57
2.56
2.52
2.50
2.47
2.44
2.43
2.39
2.41
2.40
2.42
2.41
2.43
2.42
2.44
2.43
2.45
2.44
2.46
2.45
2.48
2.47
2.50
2.48
2.51
2.49
2.52
2.50
2.53
2.51
2.54
2.53
2.54
2.54
2.53
2.55
2.53
2.55
2.54
2.56
2.55
2.58
2.57
2.59
2.58
2.61
2.59
2.62
2.61
2.64
2.65
2.65
2.68
2.67
2.70
2.72
2.73
2.75
2.76
2.78
2.80
2.81
2.83
2.85
2.87
2.89
2.91
2.93
2.95
2.97
2.99
3.01
3.03
3.02
3.01
3.00
2.99
2.98
2.97
2.96
2.95
2.94
2.93
2.89
2.89
2.85
2.85
2.80
2.80
2.75
2.73
2.70
2.66
2.65
2.61
2.59
2.57
2.52
2.52
2.48
2.46
2.42
2.41
2.39
2.40
2.40
2.41
2.40
2.40
2.41
2.41
2.42
2.42
2.43
2.44
2.46
2.47
2.48
2.49
2.50
2.51
2.51
2.52
2.53
2.52
2.54
2.53
2.54
2.55
2.54
2.56
2.54
2.56
2.55
2.57
2.56
2.58
2.57
2.60
2.59
2.61
2.61
2.63
2.62
2.65
2.64
2.66
2.65
2.68
2.68
2.70
2.73
2.74
2.74
2.77
2.79
2.81
2.83
2.85
2.87
2.89
2.91
2.93
2.94
2.96
2.98
3.00
3.02
3.04
3.03
3.02
3.02
3.01
3.00
2.99
2.98
2.97
2.96
2.93
2.92
2.92
2.87
2.87
2.83
2.82
2.78
2.74
2.73
2.68
2.66
2.64
2.60
2.59
2.55
2.51
2.50
2.46
2.45
2.41
2.39
2.39
2.39
2.40
2.39
2.40
2.39
2.41
2.40
2.43
2.41
2.44
2.43
2.46
2.45
2.47
2.46
2.49
2.48
2.50
2.49
2.52
2.51
2.51
2.52
2.51
2.53
2.52
2.55
2.53
2.56
2.55
2.57
2.57
2.59
2.58
2.61
2.60
2.62
2.63
2.64
2.66
2.66
2.68
2.67
2.70
2.72
2.72
2.75
2.76
2.76
2.78
2.81
2.84
2.85
2.87
2.89
2.91
2.93
2.95
2.97
2.99
3.01
3.03
3.03
3.02
3.01
3.00
2.99
2.98
2.97
2.96
2.96
2.95
2.94
2.93
2.92
2.91
2.87
2.86
2.86
2.81
2.81
2.77
2.76
2.72
2.68
2.66
2.61
2.58
2.56
2.52
2.48
2.46
2.42
2.40
2.39
2.38
2.40
2.38
2.39
2.39
2.39
2.40
2.39
2.42
2.41
2.43
2.42
2.44
2.43
2.44
2.45
2.44
2.46
2.45
2.48
2.47
2.48
2.48
2.48
2.49
2.48
2.50
2.49
2.52
2.51
2.53
2.52
2.55
2.54
2.57
2.56
2.58
2.58
2.60
2.63
2.62
2.65
2.63
2.66
2.67
2.68
2.71
2.72
2.72
2.75
2.78
2.79
2.81
2.83
2.85
2.86
2.88
2.90
2.92
2.94
2.96
2.98
3.00
3.02
3.04
3.03
3.02
3.01
3.00
3.00
2.99
2.98
2.97
2.96
2.95
2.94
2.93
2.92
2.90
2.89
2.85
2.85
2.81
2.80
2.75
2.75
2.70
2.66
2.65
2.60
2.58
2.55
2.50
2.49
2.44
2.43
2.40
2.40
2.40
2.39
2.41
2.39
2.42
2.41
2.43
2.42
2.44
2.43
2.44
2.44
2.44
2.45
2.44
2.47
2.45
2.48
2.46
2.48
2.48
2.46
2.49
2.48
2.49
2.50
2.49
2.52
2.51
2.53
2.52
2.54
2.54
2.56
2.55
2.58
2.57
2.59
2.59
2.61
2.60
2.63
2.63
2.65
2.67
2.68
2.70
2.69
2.73
2.75
2.78
2.79
2.81
2.83
2.85
2.87
2.89
2.91
2.93
2.95
2.97
2.99
3.00
3.02
3.04
3.03
3.02
3.01
3.00
2.99
2.98
2.97
2.95
2.93
2.92
2.88
2.88
2.84
2.83
2.79
2.75
2.74
2.69
2.67
2.65
2.61
2.60
2.56
2.52
2.50
2.47
2.45
2.42
2.41
2.41
2.42
2.41
2.43
2.42
2.44
2.43
2.46
2.45
2.47
2.46
2.48
2.47
2.49
2.48
2.51
2.49
2.52
2.51
2.53
2.52
2.54
2.54
2.53
2.55
2.54
2.56
2.55
2.56
2.55
2.58
2.57
2.59
2.58
2.59
2.60
2.61
2.62
2.62
2.64
2.64
2.65
2.67
2.67
2.70
2.69
2.72
2.74
2.75
2.77
2.79
2.80
2.82
2.84
2.84
2.87
2.90
2.93
2.95
2.96
2.99
3.00
3.02
3.04
3.03
3.02
3.01
2.99
2.98
2.97
2.96
2.95
2.94
2.93
2.89
2.89
2.85
2.85
2.80
2.80
2.75
2.74
2.70
2.66
2.65
2.61
2.58
2.56
2.52
2.50
2.47
2.44
2.42
2.38
2.36
2.34
2.31
2.28
2.26
2.24
2.24
2.23
2.24
2.24
2.25
2.26
2.27
2.28
2.28
2.29
2.30
2.31
2.32
2.32
2.31
2.31
2.34
2.33
2.35
2.34
2.36
2.35
2.36
2.35
2.36
2.37
2.35
2.38
2.37
2.40
2.38
2.41
2.40
2.43
2.42
2.45
2.44
2.46
2.48
2.48
2.50
2.50
2.53
2.55
2.56
2.58
