"text","Title:Wessex Logger: ID - AM061"
"text","Site:0"
"text","Logger:0"
"ch",1,"pressure","m"
"time",12/01/26,00:00,15,"min",1745
   26.288
   26.186
   25.709
   26.163
   28.496
   26.327
   26.868
   25.967
   25.388
   26.789
   26.930
   24.933
   25.051
   24.879
   24.738
   27.847
   26.907
   24.307
   26.782
   24.377
   24.652
   24.706
   26.711
   28.536
   27.572
   31.770
   31.754
   31.175
   33.532
   32.576
   31.339
   29.593
   32.130
   31.292
   31.316
   31.950
   32.060
   31.410
   32.694
   29.875
   31.903
   31.676
   32.592
   32.404
   34.236
   30.908
   32.271
   30.431
   31.002
   29.608
   31.981
   30.861
   31.989
   32.944
   30.916
   31.778
   29.710
   29.695
   29.843
   28.810
   30.196
   31.190
   30.392
   31.355
   31.449
   31.261
   32.529
   31.637
   31.934
   33.070
   32.459
   32.091
   31.762
   30.713
   33.046
   30.329
   31.002
   30.446
   28.974
   30.564
   32.827
   29.052
   30.282
   30.822
   30.321
   30.454
   32.678
   33.955
   31.269
   31.950
   30.258
   30.258
   28.395
   27.063
   30.728
   27.823
   27.236
   26.727
   26.351
   26.171
   25.912
   26.147
   26.312
   25.168
   26.688
   26.946
   26.249
   26.578
   26.108
   24.283
   25.873
   27.275
   25.474
   25.247
   26.719
   26.226
   25.662
   25.764
   26.421
   28.230
   28.152
   30.611
   30.564
   30.376
   30.407
   30.337
   29.217
   32.498
   34.542
   30.587
   31.081
   31.316
   31.527
   29.875
   29.718
   30.446
   29.883
   34.456
   32.576
   32.318
   30.454
   32.044
   32.428
   31.519
   30.023
   29.930
   31.034
   29.287
   30.979
   29.906
   31.926
   33.743
   28.606
   30.117
   29.131
   30.055
   30.807
   29.828
   30.893
   29.765
   29.389
   31.034
   30.611
   30.117
   30.298
   33.540
   34.119
   31.535
   30.940
   33.023
   32.365
   31.394
   31.386
   32.388
   30.940
   31.229
   29.726
   31.707
   31.817
   30.282
   30.681
   32.357
   30.533
   30.102
   30.940
   30.274
   28.966
   31.386
   32.107
   30.423
   29.303
   27.345
   31.504
   28.598
   26.327
   26.273
   28.473
   26.139
   27.110
   25.395
   24.871
   25.779
   24.401
   26.296
   25.826
   25.262
   25.489
   26.468
   25.803
   27.588
   26.280
   26.280
   25.654
   26.108
   29.201
   26.241
   29.311
   30.885
   32.467
   31.903
   33.132
   30.313
   32.490
   32.052
   30.329
   32.130
   32.733
   32.639
   32.756
   32.381
   32.451
   32.122
   31.253
   32.091
   28.465
   30.885
   31.770
   30.008
   32.208
   31.558
   31.120
   32.929
   32.819
   30.352
   31.684
   31.081
   30.791
   33.265
   32.107
   30.924
   30.760
   32.561
   30.470
   30.658
   30.157
   30.626
   31.425
   31.472
   31.691
   32.623
   32.247
   31.652
   30.446
   33.359
   32.020
   32.373
   32.060
   32.083
   31.566
   31.261
   30.305
   31.081
   31.629
   29.334
   30.713
   31.809
   30.548
   32.075
   31.582
   33.641
   31.151
   31.895
   30.540
   29.749
   32.060
   31.112
   27.236
   28.449
   27.823
   25.975
   26.805
   28.230
   27.478
   27.455
   25.309
   24.792
   25.247
   26.993
   26.883
   25.278
   26.915
   26.280
   25.951
   25.184
   26.821
   27.322
   25.082
   23.962
   23.939
   25.247
   29.123
   27.416
   29.608
   30.196
   31.527
   32.553
   32.741
   30.211
   31.738
   30.681
   31.433
   32.388
   31.292
   33.626
   33.978
   31.112
   33.610
   31.276
   33.054
   31.237
   33.532
   31.746
   32.670
   30.290
   31.206
   33.986
   29.507
   31.785
   31.997
   32.702
   28.661
   33.978
   30.587
   29.514
   30.125
   29.781
   33.211
   30.916
   27.901
   28.857
   30.642
   31.018
   31.644
   33.493
   29.624
   31.245
   33.117
   29.953
   32.498
   31.167
   32.005
   32.796
   30.713
   32.067
   34.033
   30.940
   32.318
   32.647
   31.942
   31.449
   31.331
   29.757
   33.868
   30.454
   32.224
   30.979
   31.582
   31.762
   30.055
   28.857
   30.360
   31.394
   29.146
   27.291
   26.688
   26.782
   26.100
   28.207
   27.831
   27.502
   26.852
   24.190
   24.886
   26.241
   24.933
   26.210
   25.834
   25.137
   25.067
   26.609
   27.009
   25.975
   26.774
   25.560
   25.012
   24.581
   26.719
   26.719
   30.094
   29.554
   31.182
   30.658
   30.752
   31.535
   29.334
   30.478
   32.522
   31.699
   31.292
   34.620
   33.054
   31.637
   28.896
   31.652
   32.506
   30.713
   31.981
   32.631
   33.031
   32.122
   32.811
   33.399
   31.543
   32.036
   29.804
   33.774
   31.817
   32.850
   30.963
   32.287
   32.999
   30.313
   30.619
   30.525
   30.431
   32.404
   32.028
   30.337
   30.149
   29.491
   32.459
   30.196
   32.741
   33.422
   33.868
   35.403
   34.659
   30.243
   31.558
   32.843
   31.535
   32.255
   28.943
   30.760
   33.469
   29.381
   30.854
   31.691
   29.248
   30.525
   31.417
   30.642
   27.588
   32.803
   31.261
   31.793
   32.271
   27.251
   30.149
   29.742
   27.447
   28.269
   26.186
   27.635
   28.058
   25.255
   27.447
   25.795
   26.257
   25.795
   25.442
   25.043
   27.095
   26.155
   27.400
   25.873
   26.648
   26.320
   24.753
   26.359
   24.863
   27.361
   25.513
   29.029
   27.275
   29.233
   25.897
   30.908
   27.847
   32.459
   29.734
   32.451
   32.686
   34.135
   31.464
   33.031
   33.524
   31.410
   30.407
   29.593
   31.370
   31.558
   30.462
   31.237
   33.187
   32.443
   31.504
   32.725
   30.869
   31.605
   32.091
   32.146
   31.292
   32.913
   31.370
   33.751
   29.930
   31.425
   30.196
   31.284
   31.088
   31.245
   31.175
   32.193
   31.049
   28.708
   31.269
   31.425
   33.305
   31.997
   32.020
   31.496
   32.443
   32.905
   32.114
   29.084
   31.363
   32.576
   32.522
   31.026
   30.501
   30.736
   33.814
   32.905
   30.799
   33.085
   31.222
   32.396
   29.843
   29.820
   30.399
   32.036
   32.843
   30.094
   31.911
   29.632
   29.201
   26.500
   29.428
   27.956
   29.233
   30.775
   28.097
   27.933
   26.014
   26.750
   26.163
   27.220
   26.633
   30.047
   26.985
   25.959
   26.406
   27.157
   27.502
   26.805
   26.938
   25.717
   26.554
   25.850
   26.766
   29.804
   26.672
   27.800
   28.246
   29.381
   31.558
   30.407
   30.462
   31.934
   33.493
   31.856
   29.969
   33.038
   31.919
   31.284
   32.028
   31.057
   31.292
   31.198
   31.958
   29.883
   32.662
   30.673
   31.590
   30.924
   34.918
   32.153
   32.874
   31.825
   30.705
   32.388
   31.245
   32.882
   31.966
   31.049
   33.305
   31.292
   32.177
   32.255
   30.016
   32.584
   31.135
   31.347
   32.749
   34.221
   32.937
   32.561
   30.196
   31.903
   32.866
   31.511
   31.159
   33.798
   30.948
   32.396
   31.511
   32.514
   32.122
   32.193
   30.736
   29.969
   32.913
   29.381
   29.710
   29.099
   30.290
   31.347
   31.464
   27.549
   30.313
   26.343
   30.854
   26.320
   27.674
   26.875
   25.638
   25.027
   25.521
   27.181
   28.238
   25.333
   26.038
   24.636
   26.829
   26.265
   25.959
   30.885
   27.212
   27.612
   26.625
   27.518
   25.341
   26.977
   29.201
   26.320
   30.556
   31.926
   29.906
   32.130
   31.715
   32.279
   34.949
   31.339
   33.516
   31.034
   33.117
   31.691
   32.083
   31.832
   30.760
   32.443
   32.349
   32.921
   30.814
   30.603
   30.376
   32.866
   31.793
   29.765
   33.164
   33.681
   33.641
   33.994
   32.576
   29.436
   30.337
   31.558
   31.449
   30.689
   32.083
   31.010
   30.564
   32.279
   31.832
   32.373
   33.344
   33.994
   32.717
   31.942
   32.467
   33.446
   30.861
   33.195
   31.042
   32.349
   32.686
   34.644
   34.103
   30.752
   30.117
   32.976
   32.013
   29.765
   31.684
   32.874
   31.746
   32.537
   31.652
   30.368
   30.157
   29.632
   31.942
   30.070
   31.096
   31.848
   27.862
   31.895
   30.000
   28.136
   29.428
   28.489
   29.687
   27.972
   26.727
   26.993
   26.100
   26.288
   27.079
   26.171
   27.134
   25.983
   26.782
   26.147
   26.100
   26.797
   25.677
   25.795
   25.114
   29.092
   26.766
   26.531
   30.486
   27.901
   32.302
   32.608
   32.858
   32.013
   33.704
   32.576
   32.451
   32.616
   31.958
   32.044
   33.312
   32.890
   30.219
   32.075
   32.545
   33.093
   33.422
   30.540
   33.383
   31.825
   32.420
   30.869
   31.770
   29.922
   29.530
   31.997
   30.595
   30.940
   32.153
   31.652
   32.702
   32.428
   30.486
   32.146
   30.807
   29.381
   33.673
   31.887
   32.240
   32.334
   31.997
   33.148
   30.125
   32.819
   32.741
   33.093
   31.848
   31.629
   32.639
   31.723
   34.064
   30.995
   30.282
   32.208
   31.034
   32.984
   32.396
   31.676
   31.308
   31.049
   30.579
   30.345
   28.943
   30.854
   30.760
   29.937
   31.300
   29.068
   28.669
   30.258
   32.882
   28.919
   28.567
   27.651
   27.643
   25.341
   27.181
   27.267
   26.507
   27.181
   27.173
   26.727
   25.270
   25.850
   25.051
   26.210
   26.774
   27.486
   27.267
   27.338
   26.774
   29.640
   27.056
   30.736
   28.802
   32.020
   30.274
   31.817
   32.655
   32.138
   31.558
   33.007
   33.015
   32.146
   31.480
   31.762
   31.738
   32.514
   33.547
   33.273
   32.662
   32.153
   31.269
   31.120
   31.261
   32.545
   29.233
   32.561
   34.605
   31.504
   31.253
   32.537
   29.530
   30.877
   30.016
   30.650
   29.984
   29.045
   28.348
   31.042
   29.460
   30.775
   30.673
   32.067
   32.420
   31.535
   30.642
   31.684
   31.355
   29.828
   31.981
   32.216
   31.840
   32.662
   31.535
   32.310
   32.639
   32.897
   30.830
   32.756
   31.981
   30.885
   33.289
   31.394
   32.013
   32.576
   31.872
   30.258
   31.504
   30.634
   30.094
   29.765
   31.198
   30.987
   30.141
   31.237
   26.601
   26.273
   27.627
   24.605
   29.084
   27.580
   25.873
   26.179
   27.118
   25.333
   25.380
   24.565
   25.309
   27.674
   26.038
   26.500
   25.450
   29.201
   26.343
   25.685
   25.215
   27.063
   26.641
   28.489
   28.598
   29.139
   32.130
   33.234
   33.704
   31.848
   31.402
   31.527
   30.791
   30.940
   33.649
   31.096
   32.279
   30.658
   32.561
   30.642
   32.146
   30.971
   30.673
   31.057
   31.457
   33.602
   31.002
   30.047
   31.433
   29.804
   32.153
   33.015
   30.509
   31.785
   30.963
   32.020
   30.901
   27.987
   32.200
   32.271
   31.934
   31.088
   30.634
   31.206
   30.399
   32.208
   31.605
   31.167
   33.759
   31.120
   31.864
   31.887
   31.441
   33.312
   32.514
   34.041
   33.352
   32.506
   31.911
   30.031
   31.973
   33.618
   29.969
   30.955
   32.052
   30.736
   31.754
   30.673
   31.942
   30.924
   31.668
   30.791
   29.193
   30.579
   29.977
   28.183
   29.397
   27.745
   25.662
   25.035
   24.401
   25.654
   24.017
   23.782
   25.364
   26.484
   26.852
   26.398
   25.583
   24.730
   27.001
   25.623
   27.964
   25.857
   26.194
   24.464
   27.040
   27.377
   27.862
   30.439
   27.447
   29.804
   29.280
   30.070
   30.525
   30.822
   32.420
   29.311
   29.217
   30.901
   29.804
   29.608
   30.901
   32.827
   31.190
   31.864
   31.738
   30.658
   31.386
   33.007
   33.179
   31.731
   32.584
   30.000
   31.754
   30.149
   30.854
   32.388
   33.242
   31.472
   31.535
   32.788
   30.164
   28.144
   30.916
   30.392
   30.650
   32.412
   31.457
   31.644
   30.392
   31.738
   31.644
   33.117
   33.602
   31.128
   29.773
   32.060
   29.836
   31.895
   30.501
   29.405
   32.545
   31.175
   31.676
   31.120
   30.861
   31.895
   30.650
   29.922
   30.110
   30.830
   30.196
   27.854
   29.209
   30.352
   29.280
   28.645
   30.517
   31.245
   28.825
   27.533
   31.402
   28.802
   27.627
   27.690
   27.431
   28.489
   25.231
   26.703
   25.090
   24.041
   25.489
   24.064
   25.466
   25.325
   26.390
   24.706
   24.565
   26.954
   25.944
   25.223
   24.471
   27.220
   24.542
   24.471
   28.105
   24.871
   25.106
   25.458
   27.557
   28.849
   30.697
   30.626
   31.770
   31.723
   29.577
   30.744
   32.216
   31.817
   31.355
   30.117
   28.598
   31.832
   32.161
   28.825
   29.648
   30.846
   30.587
   29.757
   33.555
   31.073
   32.200
   31.644
   29.679
   30.055
   32.921
   29.428
   31.504
   28.755
   28.254
   31.088
   29.734
   33.179
   32.146
   31.049
   32.122
   30.908
   30.274
   30.626
   32.161
   30.619
   30.172
   30.658
   29.131
   31.261
   30.493
   31.323
   31.629
   31.770
   32.522
   30.658
   30.642
   31.535
   29.350
   29.820
   28.246
   32.388
   29.977
   29.953
   30.023
   27.862
   29.554
   29.264
   29.522
   27.956
   29.123
   28.567
   30.102
   26.797
   26.797
   26.750
   26.531
   26.907
   25.388
   25.012
   27.024
   24.722
   23.712
   24.886
   26.124
   26.116
   25.090
   25.983
   25.701
   24.150
   24.346
   25.693
   25.568
   25.630
   25.818
   27.103
   24.738
   25.897
   27.698
   24.127
   28.418
   28.136
   29.029
   30.611
   28.739
   30.658
   31.363
   30.940
   31.316
   28.912
   30.360
   30.493
   30.525
   28.410
   31.339
   32.717
   30.713
   33.172
   30.885
   30.681
   31.488
   29.922
   29.655
   29.796
   28.543
   31.840
   29.037
   29.890
   31.308
   31.903
   31.034
   32.169
   31.723
   31.331
   29.577
   32.153
   29.624
   31.433
   32.890
   30.235
   29.233
   29.726
   30.423
   32.138
   31.472
   32.835
   30.579
   28.637
   29.123
   29.898
   32.381
   31.433
   31.785
   29.436
   29.154
   30.023
   28.630
   30.595
   29.381
   29.687
   28.340
   28.818
   29.428
   28.128
   28.716
   27.377
   29.139
   24.879
   31.104
   25.810
   25.740
   25.670
   25.623
   24.886
   24.236
   24.213
   23.187
   24.464
   25.278
   25.020
   24.370
   24.205
   25.419
   23.336
   25.529
   23.986
   23.845
   24.871
   25.740
   25.505
   24.777
   27.024
   26.280
   29.640
   28.943
   31.308
   28.003
   31.237
   29.029
   30.125
   29.914
   30.548
   32.138
   31.088
   29.405
   30.337
   33.634
   34.659
   33.289
   34.064
   34.605
   35.552
   33.250
   31.973
   33.453
   32.475
   33.516
   35.270
   34.769
   35.176
   32.788
   33.070
   33.923
   34.518
   34.096
   34.291
   36.265
   34.808
   33.555
   35.333
   34.636
   36.883
   35.262
   34.088
   34.080
   33.759
   34.479
   34.291
   35.341
   35.991
   33.892
   36.969
   34.628
   35.897
   34.362
   33.986
   33.962
   34.503
   35.419
   33.931
   32.146
   35.262
   34.816
   34.283
   34.448
   33.931
   33.837
   35.317
   32.749
   34.143
   31.942
   33.461
   34.495
   31.660
   32.451
   33.203
   27.909
   30.164
   29.060
   31.096
   29.671
   31.613
   31.096
   30.298
   31.613
   29.154
   30.673
   30.791
   30.838
   28.567
   30.533
   30.345
   30.251
   28.121
   30.603
   30.720
   30.775
   31.926
   30.070
   33.986
   36.703
   35.395
   35.074
   35.834
   33.994
   33.759
   35.983
   32.952
   34.049
   33.563
   33.265
   34.291
   33.665
   36.484
   35.662
   36.069
   34.174
   34.229
   34.792
   34.871
   34.644
   33.422
   32.130
   34.933
   33.461
   36.045
   34.605
   33.641
   34.612
   34.213
   34.291
   35.442
   34.056
   33.328
   33.070
   33.203
   33.391
   34.652
   35.419
   35.341
   34.417
   33.054
   33.289
   36.100
   35.756
   35.709
   33.218
   33.540
   35.450
   34.064
   34.526
   33.359
   32.107
   33.305
   33.587
   34.276
   34.417
   33.226
   35.372
   33.234
   33.046
   32.576
   33.665
   33.383
   32.811
   36.296
   33.250
   33.062
   29.687
   29.898
   32.130
   32.976
   29.789
   32.271
   28.269
   28.246
   28.160
   30.196
   29.319
   28.786
   28.583
   29.468
   29.045
   28.332
   28.168
   29.146
   27.228
   29.898
   29.757
   28.794
   29.460
   32.827
   32.357
   31.590
   32.467
   34.002
   33.446
   34.589
   34.565
   32.185
   33.970
   31.480
   34.252
   33.085
   33.477
   34.190
   34.730
   34.699
   33.203
   35.043
   35.223
   32.584
   34.252
   33.062
   32.294
   33.101
   33.563
   34.158
   35.317
   32.083
   32.717
   35.928
   32.725
   31.644
   31.872
   35.270
   31.652
   34.605
   33.117
   32.976
   33.375
   33.704
   35.944
   33.555
   32.874
   31.973
   34.644
   35.223
   33.727
   33.062
   34.973
   33.430
   33.743
   35.529
   34.393
   33.359
   33.735
   33.453
   32.584
   33.915
   34.612
   32.592
   32.294
   33.908
   33.203
   32.318
   35.442
   32.435
   33.305
   34.252
   33.265
   33.046
   34.205
   34.315
   31.417
   31.104
   32.780
   28.058
   30.705
   30.298
   29.052
   29.781
   28.896
   27.627
   29.632
   27.385
   27.948
   29.624
   27.878
   25.944
   28.050
   26.695
   28.583
   30.211
   27.823
   28.081
   28.222
   29.593
   28.473
   30.454
   30.822
   33.422
   33.735
   34.792
   35.255
   33.250
   33.665
   36.202
   33.359
   32.882
   35.051
   33.461
   34.526
   33.618
   34.221
   32.991
   31.096
   31.433
   33.962
   32.412
   34.800
   34.244
   32.130
   33.312
   34.025
   33.430
   32.553
   34.808
   27.267
   33.915
   32.576
   32.365
   33.242
   32.099
   32.475
   33.516
   34.307
   32.107
   33.093
   31.879
   34.103
   34.033
   34.315
   34.761
   31.762
   34.456
   32.819
   33.767
   32.858
   33.446
   33.422
   34.182
   34.558
   32.803
   32.357
   33.046
   34.221
   32.443
   32.561
   31.754
   32.482
   33.649
   33.367
   31.363
   30.352
   33.626
   33.344
   31.081
   32.553
   31.198
   30.133
   31.864
   32.850
   29.734
   28.097
   28.543
   28.912
   29.937
   30.243
   26.930
   28.074
   27.956
   27.721
   27.690
   28.771
   27.933
   27.580
   27.854
   29.146
